jlda0	jlda1	jlda2	jlda3	jlda4	jlda5	jlda6	jlda7	jlda8	jlda9	jlda10	jlda11	jlda12	jlda13	jlda14	jlda15	jlda16	jlda17	jlda18	jlda19	jlda20	jlda21	jlda22	jlda23	jlda24
0.00925925925926	0.00925925925926	0.00925925925926	0.00462962962963	0.00925925925926	0.0277777777778	0.00925925925926	0.0185185185185	0.0185185185185	0.0185185185185	0.00925925925926	0.00462962962963	0.00925925925926	0.00925925925926	0.00462962962963	0.00925925925926	0.0	0.00925925925926	0.0277777777778	0.0601851851852	0.00462962962963	0.00925925925926	0.0324074074074	0.0277777777778	0.0185185185185
0.00771869639794	0.038021726701	0.00400228702115	0.0263007432819	0.038021726701	0.00743281875357	0.00743281875357	0.00743281875357	0.00743281875357	0.00743281875357	0.00743281875357	0.00743281875357	0.038021726701	0.00743281875357	0.00771869639794	0.00743281875357	0.00743281875357	0.00743281875357	0.00743281875357	0.0228702115495	0.00743281875357	0.00743281875357	0.0263007432819	0.00771869639794	0.00743281875357
0.00841248303935	0.00515603799186	0.00651289009498	0.00976933514247	0.0233378561737	0.00841248303935	0.00651289009498	0.00651289009498	0.00841248303935	0.00651289009498	0.0246947082768	0.00651289009498	0.00651289009498	0.00841248303935	0.00651289009498	0.00651289009498	0.00841248303935	0.00841248303935	0.0246947082768	0.00515603799186	0.00651289009498	0.00651289009498	0.00841248303935	0.038263229308	0.00651289009498
0.00699300699301	0.00699300699301	0.00699300699301	0.0221445221445	0.0221445221445	0.0122377622378	0.00699300699301	0.00815850815851	0.00815850815851	0.00815850815851	0.00815850815851	0.00815850815851	0.00815850815851	0.00815850815851	0.00815850815851	0.037296037296	0.00815850815851	0.00815850815851	0.00699300699301	0.0122377622378	0.00815850815851	0.00815850815851	0.00815850815851	0.00699300699301	0.00699300699301
0.023816888339	0.0049489638107	0.0049489638107	0.0114444788122	0.0049489638107	0.0049489638107	0.0606248066811	0.023816888339	0.0049489638107	0.0049489638107	0.0049489638107	0.0278379214352	0.0049489638107	0.0049489638107	0.0049489638107	0.0049489638107	0.0114444788122	0.0114444788122	0.0278379214352	0.0049489638107	0.0049489638107	0.0049489638107	0.023816888339	0.0049489638107	0.0049489638107
0.0130952380952	0.0442857142857	0.00904761904762	0.00904761904762	0.0135714285714	0.00904761904762	0.00428571428571	0.0135714285714	0.0314285714286	0.017619047619	0.00428571428571	0.00904761904762	0.017619047619	0.00904761904762	0.00904761904762	0.00904761904762	0.00904761904762	0.00904761904762	0.0269047619048	0.00904761904762	0.0309523809524	0.00428571428571	0.017619047619	0.00428571428571	0.017619047619
0.0091391509434	0.0091391509434	0.0247641509434	0.0064858490566	0.0064858490566	0.0091391509434	0.0253537735849	0.0091391509434	0.0064858490566	0.0091391509434	0.0064858490566	0.0064858490566	0.0091391509434	0.0247641509434	0.0091391509434	0.0091391509434	0.0064858490566	0.0064858490566	0.0064858490566	0.0247641509434	0.0064858490566	0.0064858490566	0.0253537735849	0.0064858490566	0.0253537735849
0.00357675111773	0.00357675111773	0.0128166915052	0.0399403874814	0.00357675111773	0.0128166915052	0.00357675111773	0.00357675111773	0.00357675111773	0.00357675111773	0.0217585692996	0.0292101341282	0.00357675111773	0.00357675111773	0.00357675111773	0.00357675111773	0.0128166915052	0.00357675111773	0.0128166915052	0.0128166915052	0.0217585692996	0.0619970193741	0.0217585692996	0.00357675111773	0.00357675111773
0.00651629072682	0.00651629072682	0.00651629072682	0.00451127819549	0.00651629072682	0.0416040100251	0.00651629072682	0.050626566416	0.00651629072682	0.00651629072682	0.00651629072682	0.00651629072682	0.00651629072682	0.00651629072682	0.0363408521303	0.0240601503759	0.0077694235589	0.0220551378446	0.0077694235589	0.0416040100251	0.0077694235589	0.00651629072682	0.0363408521303	0.0220551378446	0.00977443609023
0.00771869639794	0.0111492281304	0.00743281875357	0.0111492281304	0.00771869639794	0.00743281875357	0.00743281875357	0.00771869639794	0.038021726701	0.00743281875357	0.00743281875357	0.00743281875357	0.00771869639794	0.00743281875357	0.00743281875357	0.00771869639794	0.00743281875357	0.00771869639794	0.00771869639794	0.00771869639794	0.00771869639794	0.00743281875357	0.00771869639794	0.0111492281304	0.00743281875357
0.000649350649351	0.0172077922078	0.0172077922078	0.0551948051948	0.000649350649351	0.000649350649351	0.0172077922078	0.000649350649351	0.0172077922078	0.000649350649351	0.000649350649351	0.000649350649351	0.000649350649351	0.000649350649351	0.000649350649351	0.000649350649351	0.000649350649351	0.000649350649351	0.0172077922078	0.000649350649351	0.000649350649351	0.0188311688312	0.000649350649351	0.000974025974026	0.000649350649351
0.0258345428157	0.00696661828737	0.0258345428157	0.00696661828737	0.00841799709724	0.0104499274311	0.00696661828737	0.00696661828737	0.00841799709724	0.00841799709724	0.00696661828737	0.00841799709724	0.00841799709724	0.0238026124819	0.00696661828737	0.00696661828737	0.00841799709724	0.00841799709724	0.00696661828737	0.00841799709724	0.0238026124819	0.00696661828737	0.00841799709724	0.00696661828737	0.00841799709724
0.0049489638107	0.0114444788122	0.0114444788122	0.0049489638107	0.0049489638107	0.00742344571605	0.0114444788122	0.023816888339	0.0049489638107	0.0049489638107	0.0114444788122	0.0049489638107	0.0049489638107	0.0114444788122	0.0278379214352	0.023816888339	0.0049489638107	0.0049489638107	0.0114444788122	0.0114444788122	0.0049489638107	0.0049489638107	0.0049489638107	0.0114444788122	0.0049489638107
0.00181598062954	0.0151331719128	0.0320823244552	0.00181598062954	0.00181598062954	0.0375302663438	0.00181598062954	0.00181598062954	0.00181598062954	0.06598062954	0.00181598062954	0.0151331719128	0.00181598062954	0.00181598062954	0.00181598062954	0.00181598062954	0.0151331719128	0.00181598062954	0.00181598062954	0.0196731234867	0.00181598062954	0.0196731234867	0.0196731234867	0.0196731234867	0.00181598062954
0.00788510278795	0.00788510278795	0.00788510278795	0.00788510278795	0.00788510278795	0.0267530273162	0.00788510278795	0.0329484652211	0.0219656434807	0.0267530273162	0.00788510278795	0.00788510278795	0.00788510278795	0.0219656434807	0.00788510278795	0.00788510278795	0.00788510278795	0.00788510278795	0.00788510278795	0.036891016615	0.00788510278795	0.0219656434807	0.00704027034638	0.036891016615	0.00788510278795
0.019298245614	0.00175438596491	0.00175438596491	0.00175438596491	0.0149122807018	0.0368421052632	0.019298245614	0.00175438596491	0.019298245614	0.00175438596491	0.00175438596491	0.00175438596491	0.00175438596491	0.0482456140351	0.00175438596491	0.0149122807018	0.00175438596491	0.0315789473684	0.0149122807018	0.0315789473684	0.00175438596491	0.00175438596491	0.019298245614	0.019298245614	0.00175438596491
0.00202156334232	0.00202156334232	0.0208894878706	0.033692722372	0.00202156334232	0.0208894878706	0.00202156334232	0.00202156334232	0.00202156334232	0.00202156334232	0.00202156334232	0.00202156334232	0.0208894878706	0.0158355795148	0.0158355795148	0.00202156334232	0.00202156334232	0.00202156334232	0.00202156334232	0.00202156334232	0.00202156334232	0.0158355795148	0.0158355795148	0.00202156334232	0.00202156334232
0.000649350649351	0.000649350649351	0.000649350649351	0.000649350649351	0.000649350649351	0.0172077922078	0.000649350649351	0.0188311688312	0.0172077922078	0.000649350649351	0.0188311688312	0.0188311688312	0.0172077922078	0.000649350649351	0.000649350649351	0.000649350649351	0.000649350649351	0.0188311688312	0.0172077922078	0.0172077922078	0.000649350649351	0.0172077922078	0.000649350649351	0.000649350649351	0.0188311688312
0.0144838212635	0.0144838212635	0.00246533127889	0.00369799691834	0.00246533127889	0.00246533127889	0.0206471494607	0.00246533127889	0.00246533127889	0.0206471494607	0.00246533127889	0.00246533127889	0.0206471494607	0.0483821263482	0.0483821263482	0.00246533127889	0.00246533127889	0.00246533127889	0.00246533127889	0.00246533127889	0.00246533127889	0.00246533127889	0.0206471494607	0.00246533127889	0.00246533127889
0.0114427860697	0.00348258706468	0.00348258706468	0.026368159204	0.0201492537313	0.00348258706468	0.0412935323383	0.00348258706468	0.00348258706468	0.0534825870647	0.036815920398	0.00522388059701	0.0114427860697	0.00348258706468	0.0114427860697	0.00348258706468	0.0412935323383	0.00348258706468	0.00348258706468	0.0201492537313	0.00348258706468	0.0114427860697	0.0218905472637	0.0412935323383	0.00348258706468
0.00841799709724	0.00696661828737	0.00696661828737	0.00696661828737	0.0104499274311	0.00696661828737	0.00696661828737	0.00696661828737	0.00696661828737	0.00841799709724	0.00696661828737	0.00841799709724	0.00841799709724	0.00696661828737	0.00841799709724	0.0258345428157	0.00696661828737	0.00841799709724	0.00841799709724	0.0104499274311	0.0238026124819	0.00696661828737	0.00841799709724	0.0238026124819	0.00841799709724
0.00559440559441	0.0251748251748	0.00559440559441	0.00559440559441	0.00839160839161	0.00979020979021	0.00979020979021	0.0237762237762	0.00559440559441	0.00559440559441	0.0237762237762	0.00559440559441	0.00559440559441	0.00979020979021	0.00559440559441	0.00839160839161	0.0405594405594	0.00979020979021	0.00979020979021	0.00979020979021	0.0237762237762	0.00559440559441	0.00559440559441	0.0251748251748	0.00559440559441
0.0340103920642	0.00708549834672	0.0243268776571	0.0588096362778	0.00661313179027	0.0106282475201	0.00708549834672	0.0243268776571	0.00661313179027	0.00708549834672	0.00661313179027	0.00661313179027	0.00661313179027	0.00708549834672	0.00708549834672	0.0203117619273	0.00708549834672	0.0243268776571	0.0203117619273	0.00661313179027	0.00708549834672	0.0888049126122	0.00708549834672	0.0106282475201	0.00661313179027
0.0037037037037	0.0037037037037	0.0037037037037	0.0037037037037	0.0037037037037	0.0407407407407	0.0037037037037	0.0037037037037	0.0037037037037	0.0037037037037	0.0037037037037	0.0037037037037	0.0037037037037	0.0037037037037	0.0037037037037	0.012962962963	0.0037037037037	0.0037037037037	0.0462962962963	0.0462962962963	0.0462962962963	0.0037037037037	0.0037037037037	0.0407407407407	0.0037037037037
0.00181598062954	0.00181598062954	0.0151331719128	0.00181598062954	0.00272397094431	0.00181598062954	0.0151331719128	0.00181598062954	0.00181598062954	0.00181598062954	0.0196731234867	0.00181598062954	0.0151331719128	0.00272397094431	0.0151331719128	0.00181598062954	0.00181598062954	0.00181598062954	0.00181598062954	0.0375302663438	0.00181598062954	0.0320823244552	0.0196731234867	0.0151331719128	0.00181598062954
0.00313873195229	0.0307595731325	0.0138104205901	0.0401757689893	0.00313873195229	0.0138104205901	0.00313873195229	0.00313873195229	0.00313873195229	0.00313873195229	0.00313873195229	0.00313873195229	0.00313873195229	0.00313873195229	0.00313873195229	0.0138104205901	0.00470809792844	0.00313873195229	0.00313873195229	0.00313873195229	0.0307595731325	0.00470809792844	0.00313873195229	0.00313873195229	0.00313873195229
0.0091391509434	0.0064858490566	0.0091391509434	0.0064858490566	0.0064858490566	0.0247641509434	0.0091391509434	0.0091391509434	0.0253537735849	0.0064858490566	0.0091391509434	0.0091391509434	0.0064858490566	0.00972877358491	0.0064858490566	0.0091391509434	0.0064858490566	0.0064858490566	0.0247641509434	0.0064858490566	0.0253537735849	0.0091391509434	0.0091391509434	0.0064858490566	0.0064858490566
0.030303030303	0.0212121212121	0.0030303030303	0.0212121212121	0.0030303030303	0.0030303030303	0.00454545454545	0.0030303030303	0.0136363636364	0.0030303030303	0.00454545454545	0.0030303030303	0.0030303030303	0.0030303030303	0.0030303030303	0.0030303030303	0.0030303030303	0.0030303030303	0.0136363636364	0.0212121212121	0.030303030303	0.0030303030303	0.0030303030303	0.030303030303	0.0030303030303
0.0185185185185	0.0601851851852	0.0277777777778	0.00925925925926	0.00925925925926	0.00925925925926	0.00462962962963	0.0185185185185	0.00462962962963	0.0185185185185	0.00925925925926	0.0277777777778	0.0138888888889	0.00925925925926	0.00925925925926	0.00925925925926	0.00925925925926	0.00925925925926	0.0324074074074	0.00925925925926	0.00925925925926	0.00925925925926	0.00462962962963	0.0	0.00925925925926
0.00111141983884	0.00111141983884	0.0152820227841	0.00111141983884	0.00111141983884	0.0152820227841	0.0180605723812	0.0180605723812	0.00111141983884	0.00111141983884	0.0316754654071	0.00111141983884	0.00166712975827	0.00111141983884	0.00111141983884	0.064462350653	0.00111141983884	0.0152820227841	0.00111141983884	0.00111141983884	0.0180605723812	0.051958877466	0.0180605723812	0.00166712975827	0.00111141983884
0.00188087774295	0.00188087774295	0.0144200626959	0.00188087774295	0.00188087774295	0.0200626959248	0.0326018808777	0.00188087774295	0.0326018808777	0.00188087774295	0.00188087774295	0.00188087774295	0.00188087774295	0.0153605015674	0.00188087774295	0.0153605015674	0.00188087774295	0.00188087774295	0.0200626959248	0.00188087774295	0.00188087774295	0.00188087774295	0.00188087774295	0.00188087774295	0.0382445141066
0.00737812911726	0.00737812911726	0.0216073781291	0.00737812911726	0.0216073781291	0.00711462450593	0.00737812911726	0.0216073781291	0.00737812911726	0.0255599472991	0.00737812911726	0.0110671936759	0.00711462450593	0.00737812911726	0.0255599472991	0.00737812911726	0.00737812911726	0.0110671936759	0.0255599472991	0.00737812911726	0.0216073781291	0.0505928853755	0.0361001317523	0.00737812911726	0.00737812911726
0.00325309043591	0.00325309043591	0.00325309043591	0.00325309043591	0.00325309043591	0.00325309043591	0.0123617436565	0.00325309043591	0.0139882888744	0.0139882888744	0.00325309043591	0.00325309043591	0.0221210149642	0.00487963565387	0.00325309043591	0.00325309043591	0.00325309043591	0.00325309043591	0.0312296681848	0.00325309043591	0.00325309043591	0.0139882888744	0.00325309043591	0.00325309043591	0.00325309043591
0.00925925925926	0.0740740740741	0.00462962962963	0.0138888888889	0.00925925925926	0.00925925925926	0.00925925925926	0.00925925925926	0.0277777777778	0.0462962962963	0.00462962962963	0.00925925925926	0.0277777777778	0.0138888888889	0.00462962962963	0.00925925925926	0.00925925925926	0.00462962962963	0.00462962962963	0.00925925925926	0.00462962962963	0.00462962962963	0.0185185185185	0.00925925925926	0.00462962962963
0.0114444788122	0.0049489638107	0.0049489638107	0.0049489638107	0.023816888339	0.0049489638107	0.0278379214352	0.023816888339	0.0049489638107	0.0049489638107	0.0114444788122	0.0278379214352	0.0049489638107	0.0049489638107	0.0049489638107	0.0049489638107	0.023816888339	0.0049489638107	0.0442313640582	0.0049489638107	0.0114444788122	0.0114444788122	0.0049489638107	0.0049489638107	0.0049489638107
0.00841750841751	0.00673400673401	0.0252525252525	0.00673400673401	0.00673400673401	0.00841750841751	0.00841750841751	0.00841750841751	0.0252525252525	0.023569023569	0.00841750841751	0.00673400673401	0.023569023569	0.00841750841751	0.00673400673401	0.0252525252525	0.0252525252525	0.00841750841751	0.00673400673401	0.00841750841751	0.00673400673401	0.00673400673401	0.023569023569	0.023569023569	0.00673400673401
0.0278415614237	0.00861079219288	0.00631458094145	0.00631458094145	0.00861079219288	0.00631458094145	0.00861079219288	0.00631458094145	0.0278415614237	0.00631458094145	0.0212399540758	0.00631458094145	0.00861079219288	0.00631458094145	0.00631458094145	0.00631458094145	0.0361653272101	0.00861079219288	0.00861079219288	0.00861079219288	0.00631458094145	0.00631458094145	0.00861079219288	0.00861079219288	0.00631458094145
0.0139263252471	0.00202156334232	0.0139263252471	0.00988319856244	0.00202156334232	0.00202156334232	0.033692722372	0.0139263252471	0.0327942497754	0.00202156334232	0.0397574123989	0.0455974842767	0.0139263252471	0.00202156334232	0.00202156334232	0.0139263252471	0.0139263252471	0.0139263252471	0.00988319856244	0.00202156334232	0.00988319856244	0.0575022461815	0.00202156334232	0.00988319856244	0.00988319856244
0.00529100529101	0.00793650793651	0.00529100529101	0.0238095238095	0.026455026455	0.00529100529101	0.00529100529101	0.00529100529101	0.00529100529101	0.0238095238095	0.0238095238095	0.00529100529101	0.00529100529101	0.026455026455	0.042328042328	0.010582010582	0.00529100529101	0.010582010582	0.00529100529101	0.00529100529101	0.010582010582	0.00529100529101	0.010582010582	0.010582010582	0.00529100529101
0.00292740046838	0.0134660421546	0.00292740046838	0.0134660421546	0.00292740046838	0.00292740046838	0.00292740046838	0.0207845433255	0.00292740046838	0.00292740046838	0.0298594847775	0.00292740046838	0.00292740046838	0.00292740046838	0.00292740046838	0.00292740046838	0.0386416861827	0.0462529274005	0.0298594847775	0.00292740046838	0.00439110070258	0.00292740046838	0.00292740046838	0.0222482435597	0.00292740046838
0.0120234604106	0.00410557184751	0.00410557184751	0.00410557184751	0.0222873900293	0.00410557184751	0.00410557184751	0.00615835777126	0.00410557184751	0.0120234604106	0.0281524926686	0.00410557184751	0.00410557184751	0.0281524926686	0.00410557184751	0.0120234604106	0.00410557184751	0.0222873900293	0.0222873900293	0.00410557184751	0.00615835777126	0.00410557184751	0.00410557184751	0.0281524926686	0.0120234604106
0.00598981731057	0.00598981731057	0.00988319856244	0.00988319856244	0.00598981731057	0.0437256663672	0.00598981731057	0.00598981731057	0.00598981731057	0.00598981731057	0.00598981731057	0.00598981731057	0.00598981731057	0.0248577418389	0.0416292303085	0.0733752620545	0.00598981731057	0.00598981731057	0.00598981731057	0.00988319856244	0.00598981731057	0.00598981731057	0.0257562144355	0.00598981731057	0.00598981731057
0.00875034181023	0.00574241181296	0.00875034181023	0.00875034181023	0.00574241181296	0.00875034181023	0.0202351654361	0.0276182663385	0.00875034181023	0.0492206726825	0.00574241181296	0.00875034181023	0.00875034181023	0.00574241181296	0.00574241181296	0.0464861908668	0.00875034181023	0.00574241181296	0.0347279190593	0.00574241181296	0.00574241181296	0.00574241181296	0.00875034181023	0.00875034181023	0.00574241181296
0.00132275132275	0.0165343915344	0.00132275132275	0.0165343915344	0.00132275132275	0.00132275132275	0.00132275132275	0.0198412698413	0.00132275132275	0.0198412698413	0.00132275132275	0.00132275132275	0.00132275132275	0.00132275132275	0.00132275132275	0.00132275132275	0.00132275132275	0.0198412698413	0.00132275132275	0.0165343915344	0.00132275132275	0.0198412698413	0.00132275132275	0.00132275132275	0.0522486772487
0.00886802295253	0.00886802295253	0.00886802295253	0.00886802295253	0.00521648408972	0.019300991132	0.00886802295253	0.00521648408972	0.00886802295253	0.00521648408972	0.0459050599896	0.00886802295253	0.0474700052165	0.00521648408972	0.0333854981742	0.00886802295253	0.00886802295253	0.00886802295253	0.00886802295253	0.00886802295253	0.0615545122587	0.0133020344288	0.027386541471	0.00886802295253	0.019300991132
0.00586353944563	0.00586353944563	0.023987206823	0.0415778251599	0.0090618336887	0.0090618336887	0.00586353944563	0.00586353944563	0.0090618336887	0.0237206823028	0.00586353944563	0.00586353944563	0.0237206823028	0.0090618336887	0.0237206823028	0.0090618336887	0.0090618336887	0.0090618336887	0.0090618336887	0.00586353944563	0.00879530916844	0.0090618336887	0.0090618336887	0.0538379530917	0.00586353944563
0.000604960677556	0.000604960677556	0.000907441016334	0.0166364186328	0.000604960677556	0.0356926799758	0.000604960677556	0.0181488203267	0.0166364186328	0.000604960677556	0.0181488203267	0.0338777979431	0.000604960677556	0.0166364186328	0.000604960677556	0.000604960677556	0.000604960677556	0.0166364186328	0.0181488203267	0.000604960677556	0.000604960677556	0.000604960677556	0.000604960677556	0.0166364186328	0.0181488203267
0.00714285714286	0.025	0.00714285714286	0.00714285714286	0.00714285714286	0.00714285714286	0.0785714285714	0.00714285714286	0.00357142857143	0.05	0.025	0.025	0.00714285714286	0.00714285714286	0.00714285714286	0.00714285714286	0.00714285714286	0.00714285714286	0.00714285714286	0.00714285714286	0.0214285714286	0.00714285714286	0.00714285714286	0.025	0.00357142857143
0.0208894878706	0.00202156334232	0.00202156334232	0.0208894878706	0.00202156334232	0.00202156334232	0.00202156334232	0.0158355795148	0.00202156334232	0.00202156334232	0.00202156334232	0.00202156334232	0.00202156334232	0.00202156334232	0.00202156334232	0.00303234501348	0.00202156334232	0.00202156334232	0.00202156334232	0.00202156334232	0.00202156334232	0.0158355795148	0.00202156334232	0.033692722372	0.0158355795148
0.00137221269297	0.00137221269297	0.00137221269297	0.00137221269297	0.00137221269297	0.00137221269297	0.0168096054889	0.00137221269297	0.00137221269297	0.00137221269297	0.00137221269297	0.0168096054889	0.0202401372213	0.00137221269297	0.00137221269297	0.0349914236707	0.00137221269297	0.00137221269297	0.00137221269297	0.0391080617496	0.00137221269297	0.00137221269297	0.00137221269297	0.0168096054889	0.00137221269297
0.00754527162978	0.0254024144869	0.00653923541247	0.00653923541247	0.0254024144869	0.00754527162978	0.034708249497	0.00653923541247	0.00754527162978	0.00653923541247	0.0206237424547	0.00754527162978	0.0254024144869	0.0254024144869	0.00754527162978	0.00653923541247	0.00653923541247	0.00754527162978	0.00276659959759	0.00754527162978	0.00653923541247	0.0113179074447	0.034708249497	0.034708249497	0.00754527162978
0.0030303030303	0.0136363636364	0.030303030303	0.0136363636364	0.0030303030303	0.0030303030303	0.0212121212121	0.0030303030303	0.0136363636364	0.0030303030303	0.0030303030303	0.00454545454545	0.0136363636364	0.0030303030303	0.0212121212121	0.0030303030303	0.0030303030303	0.0136363636364	0.0030303030303	0.0136363636364	0.0030303030303	0.0030303030303	0.0393939393939	0.0136363636364	0.0030303030303
0.00892857142857	0.0223214285714	0.00446428571429	0.0111607142857	0.00669642857143	0.00446428571429	0.00446428571429	0.0111607142857	0.00892857142857	0.0111607142857	0.00446428571429	0.0223214285714	0.00446428571429	0.0245535714286	0.00446428571429	0.00446428571429	0.00446428571429	0.00446428571429	0.00446428571429	0.0111607142857	0.00446428571429	0.0267857142857	0.00446428571429	0.00446428571429	0.00446428571429
0.0263007432819	0.00743281875357	0.00743281875357	0.0263007432819	0.00771869639794	0.00771869639794	0.00743281875357	0.00771869639794	0.00743281875357	0.00771869639794	0.00771869639794	0.00743281875357	0.068324757004	0.00743281875357	0.00743281875357	0.00743281875357	0.00771869639794	0.00743281875357	0.0531732418525	0.00743281875357	0.00743281875357	0.0263007432819	0.00743281875357	0.00743281875357	0.00771869639794
0.0202351654361	0.00574241181296	0.00574241181296	0.0276182663385	0.00875034181023	0.00875034181023	0.00574241181296	0.0347279190593	0.00875034181023	0.00875034181023	0.0202351654361	0.00875034181023	0.00875034181023	0.0202351654361	0.00875034181023	0.00875034181023	0.0202351654361	0.00574241181296	0.0202351654361	0.00875034181023	0.00875034181023	0.00875034181023	0.00574241181296	0.0276182663385	0.0131255127153
0.0012315270936	0.0012315270936	0.0012315270936	0.0012315270936	0.0012315270936	0.0190886699507	0.0012315270936	0.0012315270936	0.0160098522167	0.0012315270936	0.00184729064039	0.0190886699507	0.0012315270936	0.0160098522167	0.0012315270936	0.0012315270936	0.0012315270936	0.00184729064039	0.0160098522167	0.01539408867	0.0160098522167	0.0012315270936	0.0012315270936	0.0190886699507	0.0012315270936
0.0449301760777	0.0227686703097	0.00425015179114	0.00425015179114	0.0121432908318	0.0227686703097	0.00425015179114	0.00425015179114	0.0285367334548	0.00425015179114	0.00425015179114	0.00425015179114	0.00425015179114	0.0412871888282	0.00425015179114	0.00425015179114	0.0121432908318	0.0121432908318	0.00425015179114	0.00425015179114	0.0121432908318	0.0121432908318	0.00425015179114	0.0121432908318	0.00425015179114
0.0650273224044	0.000546448087432	0.000546448087432	0.000546448087432	0.0338797814208	0.0338797814208	0.000546448087432	0.000546448087432	0.000546448087432	0.000819672131148	0.000819672131148	0.000546448087432	0.000546448087432	0.000819672131148	0.0158469945355	0.000546448087432	0.0172131147541	0.0172131147541	0.000546448087432	0.000546448087432	0.0172131147541	0.0322404371585	0.0158469945355	0.000546448087432	0.000546448087432
0.00805152979066	0.00805152979066	0.0209339774557	0.0450885668277	0.00805152979066	0.00644122383253	0.00644122383253	0.00805152979066	0.0354267310789	0.0314009661836	0.00644122383253	0.00644122383253	0.0265700483092	0.00805152979066	0.00644122383253	0.00805152979066	0.00805152979066	0.00644122383253	0.00644122383253	0.00644122383253	0.00644122383253	0.00644122383253	0.00805152979066	0.00805152979066	0.00805152979066
0.0030303030303	0.0287878787879	0.0030303030303	0.0136363636364	0.0030303030303	0.0393939393939	0.0030303030303	0.0030303030303	0.0136363636364	0.0030303030303	0.0030303030303	0.0030303030303	0.0136363636364	0.0030303030303	0.0136363636364	0.0030303030303	0.0030303030303	0.0136363636364	0.0136363636364	0.0212121212121	0.0212121212121	0.0030303030303	0.0030303030303	0.0030303030303	0.0136363636364
0.025	0.00714285714286	0.00714285714286	0.025	0.00714285714286	0.00714285714286	0.00357142857143	0.00714285714286	0.00714285714286	0.00357142857143	0.00714285714286	0.00714285714286	0.00357142857143	0.00714285714286	0.0107142857143	0.00714285714286	0.00714285714286	0.00714285714286	0.0214285714286	0.00714285714286	0.00714285714286	0.00714285714286	0.00714285714286	0.0642857142857	0.00714285714286
0.00345622119816	0.00345622119816	0.028801843318	0.00518433179724	0.0213133640553	0.00345622119816	0.0126728110599	0.0126728110599	0.028801843318	0.0230414746544	0.00345622119816	0.00345622119816	0.00345622119816	0.00345622119816	0.00345622119816	0.00345622119816	0.00345622119816	0.0126728110599	0.00345622119816	0.0126728110599	0.00345622119816	0.0109447004608	0.00345622119816	0.00345622119816	0.0213133640553
0.0144838212635	0.0144838212635	0.0144838212635	0.0206471494607	0.00246533127889	0.00246533127889	0.00246533127889	0.00246533127889	0.0314329738059	0.00246533127889	0.00246533127889	0.0144838212635	0.0206471494607	0.00246533127889	0.0144838212635	0.0144838212635	0.0206471494607	0.00246533127889	0.0206471494607	0.00246533127889	0.00246533127889	0.00246533127889	0.0206471494607	0.00246533127889	0.0144838212635
0.0138104205901	0.00313873195229	0.00313873195229	0.0138104205901	0.00313873195229	0.0138104205901	0.00313873195229	0.00313873195229	0.023226616447	0.00313873195229	0.00313873195229	0.00313873195229	0.0216572504708	0.00313873195229	0.00313873195229	0.00313873195229	0.0138104205901	0.00313873195229	0.00313873195229	0.00313873195229	0.0307595731325	0.00470809792844	0.0138104205901	0.00313873195229	0.00313873195229
0.0064858490566	0.0064858490566	0.0091391509434	0.0064858490566	0.0064858490566	0.0253537735849	0.0091391509434	0.0064858490566	0.0247641509434	0.0253537735849	0.0064858490566	0.0064858490566	0.0403891509434	0.0247641509434	0.0064858490566	0.0253537735849	0.0091391509434	0.0064858490566	0.0247641509434	0.0064858490566	0.0064858490566	0.0091391509434	0.0064858490566	0.0064858490566	0.0091391509434
0.0267802799757	0.00547778454047	0.0267802799757	0.0106512477176	0.00547778454047	0.00547778454047	0.0106512477176	0.00547778454047	0.0106512477176	0.00547778454047	0.00547778454047	0.00547778454047	0.0106512477176	0.0106512477176	0.00547778454047	0.00547778454047	0.0243457090688	0.0243457090688	0.00547778454047	0.00821667681071	0.0267802799757	0.00547778454047	0.00547778454047	0.00547778454047	0.00547778454047
0.0119047619048	0.0218253968254	0.00396825396825	0.0218253968254	0.00396825396825	0.00396825396825	0.00396825396825	0.0119047619048	0.00396825396825	0.0257936507937	0.00396825396825	0.0257936507937	0.0119047619048	0.00396825396825	0.0119047619048	0.00396825396825	0.00396825396825	0.0119047619048	0.00396825396825	0.0119047619048	0.00396825396825	0.00396825396825	0.00396825396825	0.00396825396825	0.0277777777778
0.00383754397186	0.0131116085705	0.0300607611129	0.00383754397186	0.00575631595779	0.00383754397186	0.00383754397186	0.00383754397186	0.0300607611129	0.00383754397186	0.00383754397186	0.00383754397186	0.00383754397186	0.00383754397186	0.0415733930285	0.00383754397186	0.00383754397186	0.00383754397186	0.00383754397186	0.00383754397186	0.00383754397186	0.0131116085705	0.0131116085705	0.0131116085705	0.00383754397186
0.0314329738059	0.00246533127889	0.0218798151002	0.00246533127889	0.00246533127889	0.00246533127889	0.00246533127889	0.0144838212635	0.0206471494607	0.00246533127889	0.00246533127889	0.0144838212635	0.0206471494607	0.00246533127889	0.00246533127889	0.00246533127889	0.0144838212635	0.00369799691834	0.00246533127889	0.00246533127889	0.0144838212635	0.00246533127889	0.00246533127889	0.00246533127889	0.0144838212635
0.0166364186328	0.000604960677556	0.000604960677556	0.0338777979431	0.0532365396249	0.00120992135511	0.000604960677556	0.000604960677556	0.000604960677556	0.000604960677556	0.0166364186328	0.000604960677556	0.000604960677556	0.000604960677556	0.000604960677556	0.0181488203267	0.0166364186328	0.000604960677556	0.0166364186328	0.000604960677556	0.000604960677556	0.000604960677556	0.000604960677556	0.0181488203267	0.000604960677556
0.0	0.0	0.0	0.0	0.0	0.0178571428571	0.0	0.0178571428571	0.0	0.0	0.0	0.0178571428571	0.0178571428571	0.0	0.0178571428571	0.0	0.0	0.0	0.0	0.0	0.0	0.0178571428571	0.0	0.0178571428571	0.0178571428571
0.00547778454047	0.00547778454047	0.00547778454047	0.00547778454047	0.00547778454047	0.0267802799757	0.00547778454047	0.00547778454047	0.0267802799757	0.00547778454047	0.00547778454047	0.0243457090688	0.00821667681071	0.00547778454047	0.0106512477176	0.0106512477176	0.00821667681071	0.0106512477176	0.00547778454047	0.00547778454047	0.00547778454047	0.0106512477176	0.00547778454047	0.0106512477176	0.0106512477176
0.00651289009498	0.00651289009498	0.00651289009498	0.00651289009498	0.00651289009498	0.00841248303935	0.00651289009498	0.0233378561737	0.00651289009498	0.00651289009498	0.00651289009498	0.00651289009498	0.00515603799186	0.00651289009498	0.00841248303935	0.00515603799186	0.00515603799186	0.00651289009498	0.00976933514247	0.00841248303935	0.00651289009498	0.0531886024423	0.00976933514247	0.00651289009498	0.00651289009498
0.00132275132275	0.0198412698413	0.00132275132275	0.0165343915344	0.00132275132275	0.00132275132275	0.00198412698413	0.00132275132275	0.0343915343915	0.00132275132275	0.0198412698413	0.00132275132275	0.00132275132275	0.00132275132275	0.00132275132275	0.00132275132275	0.00132275132275	0.00132275132275	0.00132275132275	0.00132275132275	0.0343915343915	0.00132275132275	0.00132275132275	0.00132275132275	0.0198412698413
0.033692722372	0.00916442048518	0.00916442048518	0.0194070080863	0.00512129380054	0.00916442048518	0.00916442048518	0.033692722372	0.00916442048518	0.00916442048518	0.00512129380054	0.0280323450135	0.00916442048518	0.0280323450135	0.00916442048518	0.00916442048518	0.0137466307278	0.00916442048518	0.0194070080863	0.00512129380054	0.00916442048518	0.00916442048518	0.033692722372	0.0194070080863	0.00512129380054
0.0177574835109	0.00963977676306	0.00963977676306	0.0177574835109	0.00963977676306	0.0281582952816	0.0281582952816	0.00963977676306	0.00405885337392	0.00963977676306	0.00963977676306	0.0451547437849	0.00963977676306	0.0725520040589	0.00963977676306	0.0281582952816	0.00405885337392	0.00963977676306	0.00963977676306	0.00405885337392	0.0177574835109	0.00963977676306	0.0177574835109	0.0281582952816	0.0177574835109
0.0139882888744	0.00325309043591	0.00325309043591	0.00325309043591	0.0139882888744	0.00325309043591	0.00325309043591	0.00325309043591	0.00325309043591	0.00325309043591	0.0409889394925	0.00325309043591	0.00325309043591	0.00325309043591	0.0139882888744	0.00325309043591	0.0312296681848	0.00325309043591	0.00325309043591	0.0139882888744	0.00325309043591	0.0139882888744	0.0221210149642	0.0139882888744	0.00325309043591
0.0205444273241	0.0115562403698	0.00359527478172	0.00359527478172	0.00359527478172	0.00359527478172	0.0205444273241	0.00359527478172	0.0115562403698	0.0374935798665	0.00975860297894	0.0115562403698	0.00359527478172	0.00359527478172	0.0115562403698	0.0115562403698	0.00359527478172	0.0267077555213	0.00359527478172	0.0115562403698	0.00539291217257	0.0374935798665	0.0267077555213	0.0267077555213	0.00539291217257
0.00578703703704	0.00578703703704	0.00868055555556	0.00578703703704	0.00983796296296	0.00578703703704	0.00578703703704	0.00983796296296	0.00578703703704	0.00578703703704	0.041087962963	0.00983796296296	0.00578703703704	0.0243055555556	0.041087962963	0.00868055555556	0.00578703703704	0.00694444444444	0.00983796296296	0.00578703703704	0.00578703703704	0.00578703703704	0.00578703703704	0.00578703703704	0.00578703703704
0.00440251572327	0.0122641509434	0.0122641509434	0.0267295597484	0.00440251572327	0.00440251572327	0.00440251572327	0.00440251572327	0.00440251572327	0.0122641509434	0.00440251572327	0.00440251572327	0.0122641509434	0.00660377358491	0.00440251572327	0.00440251572327	0.00440251572327	0.00440251572327	0.0289308176101	0.0232704402516	0.00440251572327	0.00440251572327	0.00440251572327	0.00440251572327	0.00440251572327
0.00691870521374	0.035334815913	0.00691870521374	0.0244625648629	0.00716580182851	0.00691870521374	0.00691870521374	0.0318754633062	0.00716580182851	0.00691870521374	0.00691870521374	0.0244625648629	0.00716580182851	0.0212503088708	0.00716580182851	0.00691870521374	0.0244625648629	0.00370644922165	0.00691870521374	0.0244625648629	0.00691870521374	0.00716580182851	0.00716580182851	0.0212503088708	0.00370644922165
0.00127591706539	0.00127591706539	0.00127591706539	0.00127591706539	0.00127591706539	0.00127591706539	0.00127591706539	0.00191387559809	0.00191387559809	0.00127591706539	0.0162679425837	0.0194577352472	0.00127591706539	0.00127591706539	0.0162679425837	0.00127591706539	0.00127591706539	0.00127591706539	0.00191387559809	0.00127591706539	0.00127591706539	0.0338118022329	0.00127591706539	0.0194577352472	0.00127591706539
0.000673400673401	0.0191919191919	0.000673400673401	0.000673400673401	0.0377104377104	0.000673400673401	0.000673400673401	0.0175084175084	0.0175084175084	0.000673400673401	0.000673400673401	0.0191919191919	0.000673400673401	0.000673400673401	0.000673400673401	0.000673400673401	0.000673400673401	0.0175084175084	0.000673400673401	0.000673400673401	0.000673400673401	0.0175084175084	0.000673400673401	0.000673400673401	0.0175084175084
0.0150717703349	0.0282296650718	0.00311004784689	0.01004784689	0.0425837320574	0.0150717703349	0.00311004784689	0.0162679425837	0.00311004784689	0.00311004784689	0.01004784689	0.0162679425837	0.0294258373206	0.01004784689	0.00191387559809	0.01004784689	0.01004784689	0.0282296650718	0.0688995215311	0.01004784689	0.01004784689	0.01004784689	0.01004784689	0.00311004784689	0.01004784689
0.00191387559809	0.0194577352472	0.00127591706539	0.00127591706539	0.00191387559809	0.00127591706539	0.00127591706539	0.0162679425837	0.0194577352472	0.00127591706539	0.00127591706539	0.00127591706539	0.00127591706539	0.00127591706539	0.00127591706539	0.00127591706539	0.00127591706539	0.00127591706539	0.00127591706539	0.0162679425837	0.00127591706539	0.00191387559809	0.0162679425837	0.0162679425837	0.00127591706539
0.0049489638107	0.0278379214352	0.0114444788122	0.0049489638107	0.0114444788122	0.023816888339	0.0049489638107	0.0049489638107	0.0114444788122	0.0114444788122	0.0049489638107	0.0049489638107	0.0049489638107	0.0049489638107	0.0278379214352	0.0049489638107	0.0049489638107	0.0049489638107	0.023816888339	0.0278379214352	0.0049489638107	0.0049489638107	0.0049489638107	0.0114444788122	0.023816888339
0.0228021978022	0.0104395604396	0.00494505494505	0.00494505494505	0.0228021978022	0.00494505494505	0.00494505494505	0.0565934065934	0.00494505494505	0.0104395604396	0.00494505494505	0.0228021978022	0.00494505494505	0.0228021978022	0.0104395604396	0.00549450549451	0.00494505494505	0.0258241758242	0.00494505494505	0.0104395604396	0.00494505494505	0.00494505494505	0.00494505494505	0.0104395604396	0.0104395604396
0.00620347394541	0.00992555831266	0.00620347394541	0.00682382133995	0.00620347394541	0.00620347394541	0.00620347394541	0.0583126550868	0.00620347394541	0.00620347394541	0.00620347394541	0.00620347394541	0.00620347394541	0.00992555831266	0.0254342431762	0.00620347394541	0.00620347394541	0.00620347394541	0.00620347394541	0.00620347394541	0.00620347394541	0.0260545905707	0.00620347394541	0.00992555831266	0.00992555831266
0.00916442048518	0.00512129380054	0.00916442048518	0.0137466307278	0.00916442048518	0.00512129380054	0.0194070080863	0.00916442048518	0.0194070080863	0.0194070080863	0.00916442048518	0.00512129380054	0.00512129380054	0.0194070080863	0.00916442048518	0.00916442048518	0.00916442048518	0.0194070080863	0.0280323450135	0.0137466307278	0.00916442048518	0.0194070080863	0.00916442048518	0.00512129380054	0.00512129380054
0.00238095238095	0.0380952380952	0.00238095238095	0.00238095238095	0.00238095238095	0.00357142857143	0.00238095238095	0.00238095238095	0.0202380952381	0.00238095238095	0.0142857142857	0.00238095238095	0.0142857142857	0.00238095238095	0.0142857142857	0.00238095238095	0.00238095238095	0.00238095238095	0.0142857142857	0.00238095238095	0.0309523809524	0.0142857142857	0.00357142857143	0.0142857142857	0.0202380952381
0.00202156334232	0.00202156334232	0.00202156334232	0.033692722372	0.00202156334232	0.0208894878706	0.0208894878706	0.00202156334232	0.00202156334232	0.00202156334232	0.00202156334232	0.00202156334232	0.00202156334232	0.0158355795148	0.00202156334232	0.00303234501348	0.0158355795148	0.00202156334232	0.0158355795148	0.00202156334232	0.00202156334232	0.00202156334232	0.00202156334232	0.00202156334232	0.00202156334232
0.00805152979066	0.00805152979066	0.00805152979066	0.012077294686	0.00805152979066	0.0265700483092	0.0499194847021	0.00805152979066	0.0209339774557	0.0354267310789	0.00805152979066	0.00805152979066	0.00644122383253	0.00644122383253	0.00644122383253	0.0161030595813	0.00805152979066	0.00805152979066	0.00644122383253	0.00805152979066	0.00805152979066	0.00805152979066	0.00805152979066	0.00805152979066	0.0354267310789
0.0245014245014	0.00626780626781	0.039886039886	0.00626780626781	0.00626780626781	0.0245014245014	0.00626780626781	0.00626780626781	0.00626780626781	0.00626780626781	0.00940170940171	0.0247863247863	0.00626780626781	0.0245014245014	0.0247863247863	0.0245014245014	0.0245014245014	0.0247863247863	0.00626780626781	0.00626780626781	0.00911680911681	0.00626780626781	0.00626780626781	0.00626780626781	0.00626780626781
0.00840336134454	0.0231092436975	0.0063025210084	0.0063025210084	0.0063025210084	0.0199579831933	0.0241596638655	0.0063025210084	0.0241596638655	0.0231092436975	0.00840336134454	0.00945378151261	0.0241596638655	0.0063025210084	0.0241596638655	0.00840336134454	0.0063025210084	0.0063025210084	0.00840336134454	0.0231092436975	0.0063025210084	0.0378151260504	0.0063025210084	0.00840336134454	0.0063025210084
0.0282051282051	0.00512820512821	0.00512820512821	0.00512820512821	0.00512820512821	0.00512820512821	0.0115384615385	0.00512820512821	0.00512820512821	0.00512820512821	0.0115384615385	0.0115384615385	0.0435897435897	0.0115384615385	0.00512820512821	0.00512820512821	0.00512820512821	0.00512820512821	0.00512820512821	0.0115384615385	0.00512820512821	0.0115384615385	0.00512820512821	0.0115384615385	0.0115384615385
0.0130444910319	0.000698812019567	0.0239925460051	0.0195667365479	0.0130444910319	0.0319124155602	0.000698812019567	0.0239925460051	0.0130444910319	0.0116468669928	0.0130444910319	0.000698812019567	0.0130444910319	0.0239925460051	0.0130444910319	0.000698812019567	0.0116468669928	0.0130444910319	0.0116468669928	0.0319124155602	0.0130444910319	0.0486839040298	0.000698812019567	0.0486839040298	0.0130444910319
0.0172077922078	0.000649350649351	0.000974025974026	0.000649350649351	0.000649350649351	0.000649350649351	0.0188311688312	0.000649350649351	0.0188311688312	0.000649350649351	0.0172077922078	0.0168831168831	0.000649350649351	0.000649350649351	0.0188311688312	0.000649350649351	0.000649350649351	0.000649350649351	0.000649350649351	0.000649350649351	0.0172077922078	0.000649350649351	0.000649350649351	0.000649350649351	0.000649350649351
0.00280469148394	0.0107088220296	0.00254971953085	0.0107088220296	0.00280469148394	0.0107088220296	0.0295767465579	0.00280469148394	0.00280469148394	0.029831718511	0.0160632330444	0.00280469148394	0.00280469148394	0.00280469148394	0.0107088220296	0.0107088220296	0.00280469148394	0.0163182049975	0.0163182049975	0.00280469148394	0.0163182049975	0.00280469148394	0.00280469148394	0.00280469148394	0.0107088220296
0.00995807127883	0.00995807127883	0.00995807127883	0.00995807127883	0.0288259958071	0.00995807127883	0.00995807127883	0.00995807127883	0.00393081761006	0.0594863731656	0.0455974842767	0.00995807127883	0.0288259958071	0.00393081761006	0.0317085953878	0.00995807127883	0.00995807127883	0.017819706499	0.00393081761006	0.00995807127883	0.00104821802935	0.0317085953878	0.00995807127883	0.00995807127883	0.00995807127883
0.00188087774295	0.00188087774295	0.00188087774295	0.00188087774295	0.00188087774295	0.0382445141066	0.00188087774295	0.0326018808777	0.0153605015674	0.00188087774295	0.0153605015674	0.00188087774295	0.00188087774295	0.0144200626959	0.0200626959248	0.00188087774295	0.00188087774295	0.0153605015674	0.00188087774295	0.0153605015674	0.00188087774295	0.00188087774295	0.00188087774295	0.00188087774295	0.0200626959248
0.00487963565387	0.00325309043591	0.00325309043591	0.00325309043591	0.0139882888744	0.00325309043591	0.00325309043591	0.00325309043591	0.0139882888744	0.00325309043591	0.0221210149642	0.00325309043591	0.00325309043591	0.00325309043591	0.00325309043591	0.00325309043591	0.0221210149642	0.00325309043591	0.0139882888744	0.00325309043591	0.00325309043591	0.0312296681848	0.0139882888744	0.0139882888744	0.00325309043591
0.00507099391481	0.00963488843813	0.00709939148073	0.0223123732252	0.0243407707911	0.00507099391481	0.00963488843813	0.0243407707911	0.00507099391481	0.00963488843813	0.00507099391481	0.00963488843813	0.0223123732252	0.0395537525355	0.00507099391481	0.00709939148073	0.00760649087221	0.00963488843813	0.0243407707911	0.00507099391481	0.00507099391481	0.00507099391481	0.00507099391481	0.00963488843813	0.00760649087221
0.039886039886	0.00626780626781	0.00626780626781	0.00911680911681	0.00626780626781	0.00626780626781	0.00626780626781	0.0552706552707	0.00626780626781	0.00911680911681	0.0247863247863	0.00626780626781	0.00626780626781	0.00911680911681	0.0245014245014	0.0247863247863	0.00911680911681	0.00626780626781	0.0433048433048	0.00626780626781	0.00626780626781	0.00626780626781	0.00911680911681	0.00626780626781	0.00911680911681
0.0226644555003	0.00718629076838	0.00718629076838	0.00718629076838	0.00718629076838	0.00773908236595	0.0226644555003	0.0107794361526	0.00718629076838	0.00718629076838	0.00718629076838	0.0257048092869	0.0257048092869	0.00718629076838	0.00773908236595	0.00718629076838	0.0823659480376	0.00773908236595	0.0257048092869	0.00773908236595	0.00773908236595	0.00718629076838	0.00773908236595	0.00718629076838	0.00718629076838
0.0383597883598	0.0343915343915	0.00132275132275	0.0198412698413	0.0165343915344	0.00132275132275	0.0165343915344	0.00132275132275	0.00132275132275	0.00132275132275	0.00132275132275	0.00132275132275	0.00132275132275	0.00132275132275	0.0165343915344	0.00132275132275	0.00132275132275	0.00132275132275	0.0165343915344	0.00132275132275	0.00132275132275	0.00132275132275	0.00132275132275	0.0198412698413	0.00132275132275
0.00649350649351	0.00779220779221	0.00779220779221	0.00779220779221	0.00779220779221	0.0207792207792	0.0207792207792	0.00779220779221	0.00779220779221	0.00779220779221	0.00779220779221	0.00779220779221	0.00779220779221	0.0454545454545	0.0207792207792	0.0116883116883	0.025974025974	0.0012987012987	0.0207792207792	0.00779220779221	0.00779220779221	0.00779220779221	0.00649350649351	0.00779220779221	0.00649350649351
0.0155945419103	0.00194931773879	0.00194931773879	0.00194931773879	0.00194931773879	0.00194931773879	0.00194931773879	0.0204678362573	0.00194931773879	0.00194931773879	0.00194931773879	0.00292397660819	0.00194931773879	0.00194931773879	0.00194931773879	0.00194931773879	0.0204678362573	0.00194931773879	0.0155945419103	0.0204678362573	0.0155945419103	0.00194931773879	0.0331384015595	0.0155945419103	0.00194931773879
0.0	0.0178571428571	0.0	0.0	0.0	0.0178571428571	0.0	0.0	0.0	0.0	0.0	0.0	0.0178571428571	0.0178571428571	0.0178571428571	0.0	0.0	0.0	0.0	0.0	0.0	0.0178571428571	0.0	0.0	0.0
0.0156002115283	0.000793231094659	0.000528820729773	0.000528820729773	0.0156002115283	0.000793231094659	0.0156002115283	0.000793231094659	0.000528820729773	0.0156002115283	0.000528820729773	0.0169222633527	0.000528820729773	0.0156002115283	0.0153358011634	0.0333157059757	0.000528820729773	0.000528820729773	0.0317292437864	0.0169222633527	0.000528820729773	0.0169222633527	0.000528820729773	0.000528820729773	0.0333157059757
0.00974025974026	0.00974025974026	0.00974025974026	0.00974025974026	0.0146103896104	0.00324675324675	0.00974025974026	0.0146103896104	0.00974025974026	0.0422077922078	0.00974025974026	0.0146103896104	0.0422077922078	0.00162337662338	0.0146103896104	0.00974025974026	0.0146103896104	0.0162337662338	0.00974025974026	0.0162337662338	0.00974025974026	0.00974025974026	0.00324675324675	0.0551948051948	0.00324675324675
0.00194931773879	0.0155945419103	0.00194931773879	0.0155945419103	0.00194931773879	0.00194931773879	0.00194931773879	0.00194931773879	0.00194931773879	0.0155945419103	0.0204678362573	0.0204678362573	0.0204678362573	0.00194931773879	0.00194931773879	0.00194931773879	0.0155945419103	0.00194931773879	0.0155945419103	0.00194931773879	0.0204678362573	0.00194931773879	0.0331384015595	0.00194931773879	0.00194931773879
0.00696661828737	0.00841799709724	0.00841799709724	0.00696661828737	0.00841799709724	0.00696661828737	0.00696661828737	0.066473149492	0.00696661828737	0.0258345428157	0.00696661828737	0.00696661828737	0.00841799709724	0.00841799709724	0.00696661828737	0.00841799709724	0.00696661828737	0.0238026124819	0.0258345428157	0.00696661828737	0.00841799709724	0.00696661828737	0.00696661828737	0.00696661828737	0.00696661828737
0.0194660734149	0.0194660734149	0.00222469410456	0.00222469410456	0.0194660734149	0.00333704115684	0.0139043381535	0.00222469410456	0.0139043381535	0.00222469410456	0.00222469410456	0.0139043381535	0.00222469410456	0.0139043381535	0.0194660734149	0.0300333704116	0.00222469410456	0.0139043381535	0.0139043381535	0.0367074527253	0.0194660734149	0.0139043381535	0.0139043381535	0.0139043381535	0.00222469410456
0.00410557184751	0.0120234604106	0.0222873900293	0.00410557184751	0.0120234604106	0.0222873900293	0.0120234604106	0.00410557184751	0.0120234604106	0.00410557184751	0.0120234604106	0.00410557184751	0.00410557184751	0.0120234604106	0.00410557184751	0.0222873900293	0.0120234604106	0.00410557184751	0.00410557184751	0.0281524926686	0.00410557184751	0.00410557184751	0.0099706744868	0.0120234604106	0.0222873900293
0.0194070080863	0.00512129380054	0.00512129380054	0.00916442048518	0.00916442048518	0.00512129380054	0.0908355795148	0.00916442048518	0.00916442048518	0.00512129380054	0.00916442048518	0.0137466307278	0.00916442048518	0.00512129380054	0.00916442048518	0.00916442048518	0.00916442048518	0.00916442048518	0.00916442048518	0.0137466307278	0.0137466307278	0.0194070080863	0.00916442048518	0.00512129380054	0.00916442048518
0.00925925925926	0.0740740740741	0.00462962962963	0.0277777777778	0.0277777777778	0.00462962962963	0.0138888888889	0.00462962962963	0.00925925925926	0.0185185185185	0.00462962962963	0.00925925925926	0.00925925925926	0.00925925925926	0.0324074074074	0.0277777777778	0.0185185185185	0.00925925925926	0.00925925925926	0.00462962962963	0.00925925925926	0.00925925925926	0.0324074074074	0.00925925925926	0.00925925925926
0.00313873195229	0.00313873195229	0.00313873195229	0.0216572504708	0.00313873195229	0.00313873195229	0.0307595731325	0.0216572504708	0.0138104205901	0.00313873195229	0.0138104205901	0.0307595731325	0.00313873195229	0.00313873195229	0.0216572504708	0.00313873195229	0.0138104205901	0.0122410546139	0.00313873195229	0.00313873195229	0.00313873195229	0.00313873195229	0.00313873195229	0.00313873195229	0.00313873195229
0.00995807127883	0.00995807127883	0.00995807127883	0.0149371069182	0.00995807127883	0.017819706499	0.00393081761006	0.0149371069182	0.00995807127883	0.0317085953878	0.00995807127883	0.00393081761006	0.00995807127883	0.00995807127883	0.00995807127883	0.00393081761006	0.00995807127883	0.00995807127883	0.00393081761006	0.0317085953878	0.017819706499	0.00995807127883	0.0149371069182	0.00393081761006	0.0455974842767
0.0091391509434	0.0064858490566	0.0091391509434	0.00972877358491	0.0064858490566	0.0091391509434	0.0064858490566	0.0091391509434	0.0091391509434	0.0064858490566	0.0064858490566	0.00972877358491	0.0064858490566	0.0064858490566	0.0091391509434	0.0253537735849	0.0064858490566	0.0064858490566	0.0064858490566	0.0064858490566	0.0064858490566	0.0091391509434	0.0716391509434	0.0064858490566	0.0064858490566
0.00718629076838	0.0226644555003	0.00718629076838	0.00773908236595	0.0339966832504	0.0257048092869	0.0375898286346	0.00718629076838	0.00718629076838	0.0226644555003	0.00773908236595	0.00718629076838	0.00718629076838	0.00718629076838	0.0257048092869	0.00718629076838	0.00718629076838	0.00773908236595	0.00718629076838	0.00773908236595	0.0257048092869	0.00718629076838	0.00773908236595	0.00773908236595	0.00718629076838
0.0022641509434	0.0022641509434	0.0022641509434	0.0022641509434	0.0110691823899	0.0110691823899	0.0166037735849	0.0110691823899	0.0110691823899	0.0022641509434	0.0110691823899	0.0110691823899	0.0022641509434	0.0689308176101	0.0110691823899	0.0100628930818	0.0110691823899	0.0022641509434	0.00327044025157	0.0022641509434	0.0155974842767	0.0022641509434	0.0110691823899	0.0022641509434	0.0022641509434
0.0162679425837	0.037639553429	0.00127591706539	0.0162679425837	0.00127591706539	0.0194577352472	0.0338118022329	0.00127591706539	0.00127591706539	0.00127591706539	0.00127591706539	0.00127591706539	0.00127591706539	0.0162679425837	0.00127591706539	0.0194577352472	0.0194577352472	0.00127591706539	0.00127591706539	0.0162679425837	0.0162679425837	0.00127591706539	0.00127591706539	0.00127591706539	0.00127591706539
0.00708061002179	0.0179738562092	0.00762527233115	0.00708061002179	0.00708061002179	0.00762527233115	0.0114379084967	0.00708061002179	0.00762527233115	0.00762527233115	0.00762527233115	0.0217864923747	0.00708061002179	0.00762527233115	0.00708061002179	0.0364923747277	0.00708061002179	0.00762527233115	0.00762527233115	0.0261437908497	0.0261437908497	0.00762527233115	0.00708061002179	0.00708061002179	0.00762527233115
0.00673400673401	0.010101010101	0.00673400673401	0.00841750841751	0.00673400673401	0.00673400673401	0.043771043771	0.00673400673401	0.00841750841751	0.00673400673401	0.00841750841751	0.00673400673401	0.023569023569	0.00673400673401	0.0353535353535	0.00673400673401	0.00673400673401	0.00673400673401	0.00673400673401	0.0387205387205	0.00841750841751	0.023569023569	0.00673400673401	0.00673400673401	0.00673400673401
0.0037037037037	0.0037037037037	0.0037037037037	0.0037037037037	0.0037037037037	0.0222222222222	0.0037037037037	0.062962962963	0.0222222222222	0.0037037037037	0.0037037037037	0.012962962963	0.0037037037037	0.0037037037037	0.0037037037037	0.0037037037037	0.012962962963	0.0277777777778	0.00555555555556	0.0037037037037	0.0037037037037	0.0037037037037	0.0037037037037	0.0037037037037	0.0037037037037
0.037639553429	0.00127591706539	0.00127591706539	0.00127591706539	0.0194577352472	0.00127591706539	0.00127591706539	0.0162679425837	0.00127591706539	0.0162679425837	0.00127591706539	0.0338118022329	0.00127591706539	0.00127591706539	0.00127591706539	0.0194577352472	0.00127591706539	0.00127591706539	0.0162679425837	0.00127591706539	0.00191387559809	0.0162679425837	0.00127591706539	0.00127591706539	0.00127591706539
0.00651629072682	0.00651629072682	0.00651629072682	0.00977443609023	0.00977443609023	0.0416040100251	0.0077694235589	0.0791979949875	0.00651629072682	0.00451127819549	0.0077694235589	0.00651629072682	0.0077694235589	0.00651629072682	0.0077694235589	0.0240601503759	0.00651629072682	0.00651629072682	0.00651629072682	0.00977443609023	0.0077694235589	0.0077694235589	0.0220551378446	0.0077694235589	0.00651629072682
0.00494505494505	0.0228021978022	0.00494505494505	0.0228021978022	0.00494505494505	0.0104395604396	0.0104395604396	0.0104395604396	0.00741758241758	0.0104395604396	0.00494505494505	0.0228021978022	0.00741758241758	0.00494505494505	0.00494505494505	0.00494505494505	0.00494505494505	0.0258241758242	0.0412087912088	0.0258241758242	0.00494505494505	0.0228021978022	0.00494505494505	0.0258241758242	0.00494505494505
0.0306297476109	0.0271992158785	0.0306297476109	0.0117618230826	0.0117618230826	0.0117618230826	0.00465572163685	0.00122518990444	0.00122518990444	0.00122518990444	0.0117618230826	0.0117618230826	0.00122518990444	0.0271992158785	0.0117618230826	0.0117618230826	0.0531732418525	0.0117618230826	0.0142122028914	0.0142122028914	0.0117618230826	0.0401862288655	0.0142122028914	0.0117618230826	0.0117618230826
0.00769230769231	0.00769230769231	0.00769230769231	0.00769230769231	0.00769230769231	0.00769230769231	0.0269230769231	0.00769230769231	0.00769230769231	0.0230769230769	0.00769230769231	0.00769230769231	0.00769230769231	0.00769230769231	0.00384615384615	0.00769230769231	0.00769230769231	0.00769230769231	0.0384615384615	0.0230769230769	0.00769230769231	0.00769230769231	0.00769230769231	0.00769230769231	0.00769230769231
0.00345622119816	0.0126728110599	0.028801843318	0.0213133640553	0.00345622119816	0.0570276497696	0.00345622119816	0.0126728110599	0.044930875576	0.00345622119816	0.00345622119816	0.00345622119816	0.00345622119816	0.00345622119816	0.0391705069124	0.00345622119816	0.028801843318	0.00345622119816	0.0126728110599	0.00345622119816	0.00345622119816	0.00345622119816	0.00345622119816	0.00345622119816	0.028801843318
0.00137221269297	0.00137221269297	0.00137221269297	0.00137221269297	0.00137221269297	0.00137221269297	0.00137221269297	0.00137221269297	0.0202401372213	0.00137221269297	0.0168096054889	0.0168096054889	0.0202401372213	0.00137221269297	0.00137221269297	0.00137221269297	0.0168096054889	0.00205831903945	0.00137221269297	0.00137221269297	0.00137221269297	0.0168096054889	0.00137221269297	0.00137221269297	0.00137221269297
0.00313873195229	0.0138104205901	0.0138104205901	0.0138104205901	0.0138104205901	0.0138104205901	0.00313873195229	0.0216572504708	0.00470809792844	0.0138104205901	0.00313873195229	0.00313873195229	0.00313873195229	0.00313873195229	0.00313873195229	0.00313873195229	0.00313873195229	0.0216572504708	0.0138104205901	0.0216572504708	0.0138104205901	0.00313873195229	0.00313873195229	0.00313873195229	0.00313873195229
0.00296296296296	0.0103703703704	0.0155555555556	0.0103703703704	0.00296296296296	0.0296296296296	0.00222222222222	0.0162962962963	0.0103703703704	0.0103703703704	0.0340740740741	0.00296296296296	0.0103703703704	0.0162962962963	0.0103703703704	0.0162962962963	0.00296296296296	0.00296296296296	0.0103703703704	0.0103703703704	0.00296296296296	0.00296296296296	0.0296296296296	0.00296296296296	0.00296296296296
0.00194931773879	0.00194931773879	0.00194931773879	0.0204678362573	0.0204678362573	0.00194931773879	0.00194931773879	0.0204678362573	0.00194931773879	0.0155945419103	0.00194931773879	0.0155945419103	0.00194931773879	0.00194931773879	0.00194931773879	0.00194931773879	0.0155945419103	0.0331384015595	0.00194931773879	0.00194931773879	0.00194931773879	0.00194931773879	0.00194931773879	0.0204678362573	0.0331384015595
0.00530303030303	0.0330808080808	0.00858585858586	0.0191919191919	0.0191919191919	0.00530303030303	0.00858585858586	0.00858585858586	0.00530303030303	0.00530303030303	0.00530303030303	0.0469696969697	0.00858585858586	0.00530303030303	0.00858585858586	0.00858585858586	0.0128787878788	0.0010101010101	0.0267676767677	0.0128787878788	0.0267676767677	0.00858585858586	0.00858585858586	0.00858585858586	0.00530303030303
0.00292740046838	0.0207845433255	0.0134660421546	0.0207845433255	0.0283957845433	0.00292740046838	0.0207845433255	0.0134660421546	0.00292740046838	0.0134660421546	0.00292740046838	0.0134660421546	0.00292740046838	0.0298594847775	0.0134660421546	0.00292740046838	0.00439110070258	0.00292740046838	0.00292740046838	0.00292740046838	0.00292740046838	0.00292740046838	0.00292740046838	0.0207845433255	0.00292740046838
0.0046176046176	0.0112554112554	0.0046176046176	0.0409812409812	0.0112554112554	0.0046176046176	0.0112554112554	0.0046176046176	0.0046176046176	0.0046176046176	0.0112554112554	0.0227994227994	0.0227994227994	0.0588744588745	0.0271284271284	0.0046176046176	0.0112554112554	0.0112554112554	0.0046176046176	0.0046176046176	0.0227994227994	0.0112554112554	0.0046176046176	0.0046176046176	0.0046176046176
0.026455026455	0.010582010582	0.00529100529101	0.010582010582	0.00529100529101	0.00793650793651	0.010582010582	0.00529100529101	0.00529100529101	0.00529100529101	0.00529100529101	0.010582010582	0.00529100529101	0.026455026455	0.00529100529101	0.00793650793651	0.00529100529101	0.00529100529101	0.010582010582	0.00529100529101	0.00529100529101	0.00793650793651	0.0238095238095	0.00529100529101	0.00529100529101
0.00559440559441	0.00559440559441	0.0237762237762	0.00559440559441	0.0559440559441	0.00559440559441	0.0251748251748	0.00559440559441	0.00559440559441	0.00559440559441	0.00559440559441	0.0111888111888	0.00559440559441	0.00559440559441	0.0237762237762	0.00559440559441	0.00559440559441	0.0237762237762	0.0251748251748	0.00559440559441	0.00559440559441	0.0405594405594	0.00979020979021	0.00979020979021	0.00559440559441
0.00769045902427	0.0197068012497	0.0197068012497	0.00216294160058	0.00769045902427	0.00769045902427	0.0197068012497	0.00769045902427	0.00769045902427	0.00769045902427	0.0334054313867	0.0252343186734	0.0115356885364	0.00769045902427	0.00600817111271	0.00769045902427	0.00216294160058	0.0427781783225	0.00769045902427	0.00600817111271	0.00600817111271	0.0334054313867	0.00769045902427	0.0197068012497	0.0115356885364
0.0012315270936	0.0012315270936	0.0012315270936	0.0190886699507	0.0160098522167	0.0012315270936	0.0012315270936	0.0190886699507	0.0012315270936	0.00184729064039	0.0160098522167	0.0012315270936	0.0160098522167	0.0190886699507	0.0012315270936	0.0012315270936	0.0012315270936	0.0160098522167	0.0012315270936	0.00184729064039	0.0012315270936	0.0160098522167	0.0012315270936	0.0160098522167	0.0190886699507
0.027192008879	0.00638179800222	0.00832408435072	0.0124861265261	0.00832408435072	0.00638179800222	0.0357935627081	0.00638179800222	0.00832408435072	0.00832408435072	0.027192008879	0.00832408435072	0.00638179800222	0.00832408435072	0.00638179800222	0.0210876803552	0.00832408435072	0.00832408435072	0.0357935627081	0.0210876803552	0.00638179800222	0.00832408435072	0.00832408435072	0.00832408435072	0.00638179800222
0.00979020979021	0.00559440559441	0.00979020979021	0.00559440559441	0.00559440559441	0.0237762237762	0.00559440559441	0.00559440559441	0.00559440559441	0.0237762237762	0.00559440559441	0.0237762237762	0.0237762237762	0.0251748251748	0.0559440559441	0.00979020979021	0.00839160839161	0.00979020979021	0.0251748251748	0.00559440559441	0.00559440559441	0.00559440559441	0.00979020979021	0.00979020979021	0.00559440559441
0.0121432908318	0.00425015179114	0.00425015179114	0.0248937462052	0.00425015179114	0.00425015179114	0.00425015179114	0.0121432908318	0.0121432908318	0.0063752276867	0.00425015179114	0.00425015179114	0.00425015179114	0.0121432908318	0.00425015179114	0.00425015179114	0.0121432908318	0.00425015179114	0.00425015179114	0.0227686703097	0.00425015179114	0.00425015179114	0.00425015179114	0.0121432908318	0.0449301760777
0.0194577352472	0.00127591706539	0.00127591706539	0.00127591706539	0.00127591706539	0.00127591706539	0.00191387559809	0.0194577352472	0.00127591706539	0.00127591706539	0.00191387559809	0.00127591706539	0.0162679425837	0.00127591706539	0.00191387559809	0.00127591706539	0.0162679425837	0.00127591706539	0.00127591706539	0.00127591706539	0.00127591706539	0.00127591706539	0.0162679425837	0.00127591706539	0.0162679425837
0.00132275132275	0.0198412698413	0.0165343915344	0.00198412698413	0.00132275132275	0.00132275132275	0.00132275132275	0.0198412698413	0.00132275132275	0.00132275132275	0.00132275132275	0.00132275132275	0.00132275132275	0.0165343915344	0.00132275132275	0.00132275132275	0.00132275132275	0.00132275132275	0.00132275132275	0.00132275132275	0.0343915343915	0.00132275132275	0.0165343915344	0.0198412698413	0.00132275132275
0.00263435194942	0.0110642781876	0.0302950474183	0.0165964172813	0.0163329820864	0.0110642781876	0.0163329820864	0.0437302423604	0.0110642781876	0.0163329820864	0.0110642781876	0.00263435194942	0.00263435194942	0.00263435194942	0.00263435194942	0.0110642781876	0.00263435194942	0.0110642781876	0.0163329820864	0.0163329820864	0.0110642781876	0.0110642781876	0.00263435194942	0.0110642781876	0.00263435194942
0.00771869639794	0.00771869639794	0.00743281875357	0.00771869639794	0.00743281875357	0.00771869639794	0.00743281875357	0.00771869639794	0.00771869639794	0.0111492281304	0.00743281875357	0.0263007432819	0.00743281875357	0.00743281875357	0.00743281875357	0.0531732418525	0.0263007432819	0.00771869639794	0.00771869639794	0.00771869639794	0.00743281875357	0.00743281875357	0.00743281875357	0.00771869639794	0.00771869639794
0.00202156334232	0.0158355795148	0.00202156334232	0.0208894878706	0.00202156334232	0.00202156334232	0.00202156334232	0.00202156334232	0.0158355795148	0.00202156334232	0.00202156334232	0.00202156334232	0.00202156334232	0.00202156334232	0.0158355795148	0.00202156334232	0.0515498652291	0.00202156334232	0.0208894878706	0.00202156334232	0.00202156334232	0.00202156334232	0.0208894878706	0.00202156334232	0.00202156334232
0.00313873195229	0.0138104205901	0.00313873195229	0.0216572504708	0.00313873195229	0.00313873195229	0.0477087256748	0.00313873195229	0.00313873195229	0.00313873195229	0.00313873195229	0.0291902071563	0.00313873195229	0.00313873195229	0.00313873195229	0.0138104205901	0.00313873195229	0.0138104205901	0.00313873195229	0.00313873195229	0.00313873195229	0.00313873195229	0.0216572504708	0.00313873195229	0.0216572504708
0.0131116085705	0.0131116085705	0.00383754397186	0.0131116085705	0.0246242404861	0.00383754397186	0.00383754397186	0.00383754397186	0.0131116085705	0.00383754397186	0.00383754397186	0.00383754397186	0.0300607611129	0.00383754397186	0.00383754397186	0.0131116085705	0.00383754397186	0.00383754397186	0.00383754397186	0.00383754397186	0.00383754397186	0.0131116085705	0.0227054685002	0.00383754397186	0.00383754397186
0.0357142857143	0.0357142857143	0.0178571428571	0.0	0.0	0.0	0.0	0.0	0.0178571428571	0.0	0.0	0.0	0.0178571428571	0.0178571428571	0.0	0.0	0.0	0.0	0.0	0.0178571428571	0.0	0.0	0.0	0.0178571428571	0.0
0.00337381916329	0.00337381916329	0.00337381916329	0.00337381916329	0.00337381916329	0.00506072874494	0.00337381916329	0.00337381916329	0.00337381916329	0.00337381916329	0.0141700404858	0.0124831309042	0.00337381916329	0.00337381916329	0.00337381916329	0.00337381916329	0.031713900135	0.00337381916329	0.00337381916329	0.00337381916329	0.00337381916329	0.0141700404858	0.00337381916329	0.00337381916329	0.00337381916329
0.00410557184751	0.0222873900293	0.00410557184751	0.00410557184751	0.0120234604106	0.00410557184751	0.00410557184751	0.0099706744868	0.0120234604106	0.00410557184751	0.00410557184751	0.0222873900293	0.0222873900293	0.0604105571848	0.0281524926686	0.0120234604106	0.0120234604106	0.00410557184751	0.00410557184751	0.0222873900293	0.00410557184751	0.00410557184751	0.00410557184751	0.00410557184751	0.00410557184751
0.00925925925926	0.00462962962963	0.00462962962963	0.00925925925926	0.00925925925926	0.0648148148148	0.00462962962963	0.00462962962963	0.0462962962963	0.0185185185185	0.00462962962963	0.00462962962963	0.00925925925926	0.0324074074074	0.00925925925926	0.0185185185185	0.00462962962963	0.00925925925926	0.0138888888889	0.00925925925926	0.00925925925926	0.00925925925926	0.00462962962963	0.00462962962963	0.00462962962963
0.00127591706539	0.00127591706539	0.00127591706539	0.0194577352472	0.00127591706539	0.00191387559809	0.00127591706539	0.00127591706539	0.00127591706539	0.00127591706539	0.0162679425837	0.0162679425837	0.00127591706539	0.00127591706539	0.00127591706539	0.00127591706539	0.0194577352472	0.00127591706539	0.00255183413078	0.00127591706539	0.00127591706539	0.0162679425837	0.00127591706539	0.00127591706539	0.0162679425837
0.0138104205901	0.00313873195229	0.00313873195229	0.00313873195229	0.00470809792844	0.00313873195229	0.0307595731325	0.00313873195229	0.00470809792844	0.00313873195229	0.0216572504708	0.0138104205901	0.00313873195229	0.00313873195229	0.00313873195229	0.0307595731325	0.00313873195229	0.00313873195229	0.0216572504708	0.00313873195229	0.00313873195229	0.0138104205901	0.00313873195229	0.00313873195229	0.00313873195229
0.00446428571429	0.00446428571429	0.0111607142857	0.00446428571429	0.00446428571429	0.00446428571429	0.00446428571429	0.00446428571429	0.0223214285714	0.00446428571429	0.0111607142857	0.00446428571429	0.0111607142857	0.00669642857143	0.00446428571429	0.00669642857143	0.0111607142857	0.0379464285714	0.0111607142857	0.0111607142857	0.0223214285714	0.00446428571429	0.00446428571429	0.00446428571429	0.0111607142857
0.00412796697626	0.00412796697626	0.00412796697626	0.0061919504644	0.00412796697626	0.00412796697626	0.00412796697626	0.00412796697626	0.00412796697626	0.00412796697626	0.00412796697626	0.030959752322	0.0134158926729	0.00412796697626	0.00412796697626	0.00412796697626	0.030959752322	0.00412796697626	0.00412796697626	0.00412796697626	0.00412796697626	0.00412796697626	0.0134158926729	0.00412796697626	0.00412796697626
0.002079002079	0.0114345114345	0.0114345114345	0.002079002079	0.049896049896	0.0114345114345	0.002079002079	0.0114345114345	0.0114345114345	0.0155925155925	0.002079002079	0.0155925155925	0.0114345114345	0.002079002079	0.0155925155925	0.002079002079	0.0114345114345	0.0155925155925	0.0155925155925	0.0155925155925	0.0114345114345	0.002079002079	0.029106029106	0.0114345114345	0.0155925155925
0.0149122807018	0.0149122807018	0.0315789473684	0.00175438596491	0.00175438596491	0.0149122807018	0.00175438596491	0.019298245614	0.00175438596491	0.00175438596491	0.0149122807018	0.00175438596491	0.019298245614	0.00175438596491	0.019298245614	0.019298245614	0.0149122807018	0.019298245614	0.00263157894737	0.00175438596491	0.0149122807018	0.00263157894737	0.00175438596491	0.00175438596491	0.00175438596491
0.0238095238095	0.00529100529101	0.00529100529101	0.00793650793651	0.010582010582	0.010582010582	0.00529100529101	0.010582010582	0.00529100529101	0.010582010582	0.00529100529101	0.026455026455	0.00529100529101	0.0238095238095	0.026455026455	0.00529100529101	0.00529100529101	0.00529100529101	0.010582010582	0.00529100529101	0.00529100529101	0.00529100529101	0.010582010582	0.026455026455	0.0238095238095
0.0120663650075	0.000754147812971	0.0120663650075	0.0135746606335	0.0135746606335	0.00754147812971	0.000754147812971	0.0135746606335	0.0135746606335	0.0135746606335	0.114630467572	0.0135746606335	0.0135746606335	0.0135746606335	0.0135746606335	0.000754147812971	0.0135746606335	0.000754147812971	0.000754147812971	0.0120663650075	0.0135746606335	0.000754147812971	0.0135746606335	0.0120663650075	0.0120663650075
0.00773908236595	0.00718629076838	0.00718629076838	0.00718629076838	0.00718629076838	0.00718629076838	0.0257048092869	0.00773908236595	0.00718629076838	0.00718629076838	0.00773908236595	0.00718629076838	0.0226644555003	0.0226644555003	0.00718629076838	0.0226644555003	0.0292979546711	0.0190713101161	0.00718629076838	0.00718629076838	0.00718629076838	0.00773908236595	0.00718629076838	0.00718629076838	0.0375898286346
0.00273672687466	0.0290093048714	0.0131362889984	0.00410509031199	0.00410509031199	0.0213464696223	0.00273672687466	0.0131362889984	0.0213464696223	0.0131362889984	0.00273672687466	0.0131362889984	0.00273672687466	0.00273672687466	0.0290093048714	0.00273672687466	0.019978106185	0.00273672687466	0.00273672687466	0.019978106185	0.0131362889984	0.00273672687466	0.00273672687466	0.00273672687466	0.00273672687466
0.0063752276867	0.0449301760777	0.0227686703097	0.0121432908318	0.00425015179114	0.00425015179114	0.00425015179114	0.0063752276867	0.0121432908318	0.00425015179114	0.0285367334548	0.00425015179114	0.00425015179114	0.00425015179114	0.00425015179114	0.0121432908318	0.00425015179114	0.00425015179114	0.00425015179114	0.00425015179114	0.00425015179114	0.0227686703097	0.00425015179114	0.00425015179114	0.0121432908318
0.0112554112554	0.0046176046176	0.0046176046176	0.0227994227994	0.0227994227994	0.0112554112554	0.0046176046176	0.0112554112554	0.0271284271284	0.0227994227994	0.0112554112554	0.0046176046176	0.0046176046176	0.0046176046176	0.0271284271284	0.0227994227994	0.0112554112554	0.0046176046176	0.0046176046176	0.00692640692641	0.0046176046176	0.0430014430014	0.0046176046176	0.0046176046176	0.0046176046176
0.000673400673401	0.000673400673401	0.000673400673401	0.000673400673401	0.0175084175084	0.000673400673401	0.000673400673401	0.000673400673401	0.000673400673401	0.0175084175084	0.000673400673401	0.0191919191919	0.000673400673401	0.000673400673401	0.000673400673401	0.0191919191919	0.000673400673401	0.000673400673401	0.0175084175084	0.000673400673401	0.0010101010101	0.0010101010101	0.000673400673401	0.000673400673401	0.000673400673401
0.00598981731057	0.00598981731057	0.00898472596586	0.00598981731057	0.00598981731057	0.00898472596586	0.0257562144355	0.00988319856244	0.00598981731057	0.00598981731057	0.0416292303085	0.00598981731057	0.00988319856244	0.00598981731057	0.00598981731057	0.00598981731057	0.00598981731057	0.00598981731057	0.00988319856244	0.00988319856244	0.0248577418389	0.00598981731057	0.0257562144355	0.00598981731057	0.00598981731057
0.00696661828737	0.00696661828737	0.00841799709724	0.0258345428157	0.00696661828737	0.00696661828737	0.00696661828737	0.0258345428157	0.00696661828737	0.00696661828737	0.00696661828737	0.0238026124819	0.00696661828737	0.00841799709724	0.00696661828737	0.0258345428157	0.0238026124819	0.0699564586357	0.00841799709724	0.00696661828737	0.00841799709724	0.00841799709724	0.00696661828737	0.00696661828737	0.00841799709724
0.0	0.0	0.0	0.0	0.0178571428571	0.0178571428571	0.0	0.0	0.0178571428571	0.0	0.0178571428571	0.0	0.0	0.0178571428571	0.0357142857143	0.0	0.0	0.0535714285714	0.0	0.0178571428571	0.0	0.0	0.0	0.0178571428571	0.0
0.0545454545455	0.0	0.0	0.0	0.0181818181818	0.0	0.0	0.0	0.0181818181818	0.0	0.0	0.0	0.0	0.0	0.0	0.0	0.0181818181818	0.0	0.0	0.0	0.0	0.0	0.0	0.0	0.0
0.00512129380054	0.00916442048518	0.00916442048518	0.00916442048518	0.00916442048518	0.00916442048518	0.00916442048518	0.00916442048518	0.0194070080863	0.0194070080863	0.00916442048518	0.0137466307278	0.000539083557951	0.00916442048518	0.00916442048518	0.00512129380054	0.00916442048518	0.000539083557951	0.00916442048518	0.0194070080863	0.00512129380054	0.0479784366577	0.00512129380054	0.00512129380054	0.00916442048518
0.00440251572327	0.0122641509434	0.00440251572327	0.0232704402516	0.00440251572327	0.0232704402516	0.00440251572327	0.0122641509434	0.00440251572327	0.00440251572327	0.0622641509434	0.00440251572327	0.00440251572327	0.0122641509434	0.00440251572327	0.0289308176101	0.0122641509434	0.00440251572327	0.00440251572327	0.00440251572327	0.00440251572327	0.00440251572327	0.0232704402516	0.00440251572327	0.00440251572327
0.00490883590463	0.00327255726975	0.0194015895278	0.0194015895278	0.00327255726975	0.0257129499766	0.0065451145395	0.0355306217859	0.00327255726975	0.00327255726975	0.0112201963534	0.00490883590463	0.0194015895278	0.0257129499766	0.00327255726975	0.00490883590463	0.0257129499766	0.0257129499766	0.0402057035998	0.0194015895278	0.00327255726975	0.0112201963534	0.00327255726975	0.00327255726975	0.00490883590463
0.0	0.0185185185185	0.0	0.0	0.0	0.0	0.0	0.0185185185185	0.0185185185185	0.0	0.0185185185185	0.0	0.0	0.0	0.0	0.0	0.0	0.0	0.0185185185185	0.0	0.0	0.0	0.0	0.0	0.0185185185185
0.0355385456534	0.00164024056862	0.00164024056862	0.00164024056862	0.0194095133953	0.0306178239475	0.00164024056862	0.018589393111	0.00164024056862	0.0306178239475	0.0144887916894	0.00164024056862	0.018589393111	0.0136686714051	0.0194095133953	0.00164024056862	0.0144887916894	0.00164024056862	0.0144887916894	0.0144887916894	0.00164024056862	0.00164024056862	0.00164024056862	0.00164024056862	0.00164024056862
0.00545282124229	0.0324798482693	0.0324798482693	0.00806069227122	0.0120910384068	0.00806069227122	0.00806069227122	0.00806069227122	0.0256045519203	0.00545282124229	0.00806069227122	0.0120910384068	0.0120910384068	0.0324798482693	0.00260787102892	0.00806069227122	0.00806069227122	0.00545282124229	0.00545282124229	0.0189663347558	0.00806069227122	0.00806069227122	0.0256045519203	0.00545282124229	0.0189663347558
0.00718629076838	0.00718629076838	0.00773908236595	0.0375898286346	0.00718629076838	0.00718629076838	0.00773908236595	0.00718629076838	0.0375898286346	0.00773908236595	0.00718629076838	0.0257048092869	0.0257048092869	0.0226644555003	0.00773908236595	0.00718629076838	0.00718629076838	0.00718629076838	0.00414593698176	0.0107794361526	0.00718629076838	0.0226644555003	0.00718629076838	0.00718629076838	0.00718629076838
0.0267530273162	0.00788510278795	0.0219656434807	0.00704027034638	0.0219656434807	0.00788510278795	0.00788510278795	0.00788510278795	0.00788510278795	0.00788510278795	0.0267530273162	0.0219656434807	0.00788510278795	0.0267530273162	0.00704027034638	0.00788510278795	0.00788510278795	0.00788510278795	0.00788510278795	0.00704027034638	0.0219656434807	0.0219656434807	0.036891016615	0.00704027034638	0.00788510278795
0.00440251572327	0.00440251572327	0.0267295597484	0.00440251572327	0.00440251572327	0.0232704402516	0.00440251572327	0.00440251572327	0.00440251572327	0.0289308176101	0.0122641509434	0.0122641509434	0.0122641509434	0.00440251572327	0.0122641509434	0.00440251572327	0.00440251572327	0.0122641509434	0.00440251572327	0.00440251572327	0.00440251572327	0.00440251572327	0.0232704402516	0.00440251572327	0.00440251572327
0.00841346153846	0.00721153846154	0.00721153846154	0.00721153846154	0.00721153846154	0.0264423076923	0.00841346153846	0.00721153846154	0.00721153846154	0.00841346153846	0.0240384615385	0.00841346153846	0.00721153846154	0.00480769230769	0.00721153846154	0.00841346153846	0.00721153846154	0.00841346153846	0.00721153846154	0.00841346153846	0.00721153846154	0.0240384615385	0.00721153846154	0.00721153846154	0.00841346153846
0.0177419354839	0.0150537634409	0.0311827956989	0.0150537634409	0.0010752688172	0.0010752688172	0.0150537634409	0.0010752688172	0.0311827956989	0.0177419354839	0.0010752688172	0.00161290322581	0.0177419354839	0.0010752688172	0.0010752688172	0.0177419354839	0.0150537634409	0.0010752688172	0.0177419354839	0.0344086021505	0.0010752688172	0.0344086021505	0.0150537634409	0.0150537634409	0.0150537634409
0.00858585858586	0.00858585858586	0.00858585858586	0.00858585858586	0.00858585858586	0.00858585858586	0.00858585858586	0.00858585858586	0.00530303030303	0.00858585858586	0.00328282828283	0.00530303030303	0.00530303030303	0.0330808080808	0.00530303030303	0.0330808080808	0.00858585858586	0.00858585858586	0.0287878787879	0.0191919191919	0.00858585858586	0.00530303030303	0.00530303030303	0.0449494949495	0.00530303030303
0.0184837092732	0.00062656641604	0.00062656641604	0.00062656641604	0.0169172932331	0.0169172932331	0.00062656641604	0.00062656641604	0.00062656641604	0.00062656641604	0.00062656641604	0.0184837092732	0.0166040100251	0.00062656641604	0.0184837092732	0.00062656641604	0.0184837092732	0.00062656641604	0.0169172932331	0.00062656641604	0.0184837092732	0.0169172932331	0.00062656641604	0.00062656641604	0.0169172932331
0.0	0.0	0.0	0.0172413793103	0.0	0.051724137931	0.0	0.0	0.0	0.0172413793103	0.0	0.0	0.0172413793103	0.0	0.0	0.0	0.0	0.0172413793103	0.0172413793103	0.0172413793103	0.0172413793103	0.0172413793103	0.0	0.0172413793103	0.0
0.00313873195229	0.00313873195229	0.00313873195229	0.00313873195229	0.00313873195229	0.00313873195229	0.0216572504708	0.00313873195229	0.0138104205901	0.023226616447	0.0307595731325	0.0307595731325	0.00313873195229	0.00313873195229	0.0138104205901	0.00313873195229	0.00470809792844	0.00313873195229	0.0138104205901	0.00313873195229	0.00313873195229	0.00313873195229	0.00313873195229	0.00313873195229	0.00313873195229
0.0103385887826	0.00336004135436	0.00336004135436	0.00336004135436	0.0155078831739	0.0170586714913	0.0103385887826	0.0155078831739	0.00336004135436	0.0170586714913	0.00336004135436	0.0292065133109	0.00336004135436	0.0103385887826	0.0170586714913	0.0103385887826	0.0170586714913	0.00336004135436	0.00336004135436	0.0307573016283	0.00336004135436	0.0103385887826	0.00336004135436	0.0103385887826	0.0103385887826
